211354
211356
211362
211369
211623
211653
211654
211655
211656
211657
211658
211659
211465
211511
211518
211585
211586
211353
211354
211356
211362
211369
211623
211653
211654
211655
211656
211657
211658
211659
211661
211662
211665
211666
211667
211668
211669
211671
211651
211670
211672
211673
211681
211682
211684
211685
211686
211687
211688
211690
211691
211692
211693
211694
211683
211689
211702
211704
211705
211706
211707
211708
211709
211710
211719
211720
211703
211711
211714
211723
211730
211732
211734
211738
211743
211744
211745
211746
211747
211752
211753
211712
211716
211721
211750
211751
211754
211757
211758
211759
211764
211765
211767
211769
211772
211774
211778
211791
211798
211799
211804
211805
211810
201555
211741
211742
211755
211756
211761
211762
211763
211766
211768
211782
211786
211811
211812
211813
211814
211815
211816
211824
211825
211826
211831
211833
211839
211843
211846
211849
211856
211857
211863
211865
211867
211868
211886
211887
211888
211835
211844
211829
211853
211864
211873
211914
211915
211827
211828
211840
211841
211842
211866
211874
211877
211881
211885
211890
211891
211892
211893
211899
211900
211901
211903
211904
211905
211906
211907
211908
211909
211910
211911
211913
211917
211869
211895
211896
211897
211916
211928
211931
211935
211937
211889
211894
211898
211902
211912
211921
211924
211925
211934
211936
211938
211939
211940
211941
211942
211943
211944
211945
211946
211947
211948
211951
211952
211955
211927
211950
211953
211954
211956
211957
211958
211959
211960
211961
211962
211971
211974
211979
211982
211985
211993
211994
211964
211963
211997
212000
212001
212003
212048
211926
211965
211989
211990
211991
211992
211995
211996
211998
211999
212002
212005
212007
212008
212010
212011
212012
212013
212018
212020
212022
212023
212024
212025
212034
212035
212045
212046
212047
212050
212051
212052
212054
212055
212056
212057
212004
212006
212009
212021
212053
212043
212044
212049
212058
212063
212064
212070
212075
212123
212081
212019
212038
212039
212059
212040
212041
212060
212061
212062
212065
212078
212083
212115
212116
212117
212118
212121
212122
212124
212125
212126
212127
212129
212130
212131
212037
212128
212132
212133
212134
212135
212136
212137
212138
212139
212146
212147
212155
212156
212159
212149
212150
212157
212161
212162
212163
212165
212166
212167
212168
212177
212181
212182
212188
212193
212160
212169
212170
212171
212172
212173
212174
212178
212183
212184
212185
212186
212187
212189
212190
212191
212203
212207
212209
212211
212215
212216
212175
212176
212180
212197
212212
212213
212214
212217
212220
212222
212223
212224
212225
212226
212227
212228
212229
212230
212231
212235
212236
212237
212219
212234
212239
212240
212241
212246
212249
212250
212258
212260
212179
212238
212221
212232
212233
212242
212244
212245
212251
212252
212259
212261
212263
212265
212268
212276
212254
212255
212256
212257
212262
212264
212266
212267
212273
212274
212277
212278
212282
212283
212284
212285
212287
212291
212292
212253
212279
212280
212281
212296
212297
212298
212304
212305
212306
212307
212308
212293
212302
212313
212327
212329
212312
212336
212337
212340
212346
212347
212299
212300
212309
212310
212311
212320
212326
212330
212334
212335
212339
212342
212349
212350
212351
212352
212353
212354
212355
212356
212357
212358
212359
212360
212361
212362
212363
212364
212365
212338
212345
212413
212415
212370
212373
212376
212378
212382
212384
212387
212391
212392
212393
212394
212395
212396
212398
212399
212400
212401
212402
212403
212406
212407
212368
212374
212380
212341
212367
212388
212411
212417
212418
212419
212420
212421
212422
212423
212444
212445
212446
212447
212449
212450
212452
212404
212405
212410
212429
212441
212442
212443
212456
212457
212431
212475
212476
212477
212366
212389
212397
212409
212412
212432
212448
212451
212453
212454
212455
212459
212460
212462
212463
212464
212469
212480
212481
212482
212490
212408
212485
212486
212488
212489
212492
212493
212439
212465
212466
212467
212468
212474
212479
212497
212498
212500
212504
212507
212510
212511
212512
212513
212514
212515
212516
212561
212573
212562
212470
212471
212483
212487
212518
212519
212555
212556
212557
212558
212563
212574
212575
212576
212577
212578
212579
212580
212581
212582
212586
212587
212588
212589
212590
212593
212594
212596
212597
212598
212633
212502
212583
212584
212585
212595
212607
212608
212612
212621
212624
212631
212634
212635
212520
212553
212554
212641
212642
212643
212644
212645
212646
212647
212648
212693
212694
212695
212696
212591
212592
212636
212637
212638
212639
212640
212660
212661
212662
212663
212664
212665
212666
212667
212669
212672
212677
212679
212686
212691
212697
212702
212703
212709
212711
212710
212712
212713
212714
212715
212716
212717
212670
212688
212689
212690
212698
212699
212700
212719
212753
212758
212774
212775
212776
212777
212668
212706
212723
212754
212761
212762
212763
212764
212765
212766
212767
212768
212769
212770
212771
212772
212773
212778
212780
212787
212788
212791
212792
212789
212794
212760
212793
212797
212805
212813
212818
212836
212718
212802
212803
212819
212820
212821
212822
212823
212824
212825
212826
212798
212799
212800
212810
212811
212837
212840
212841
212842
212843
212857
212861
212865
212873
212878
212884
212885
212886
212887
212888
212889
212890
212895
212896
212832
212868
212870
212894
212920
212923
212925
212943
212946
212947
212948
212949
212869
212934
212961
212962
212963
212964
212965
212966
212967
212968
212969
212987
212988
212989
212990
212991
212998
212999
213000
212844
212930
212935
212936
212937
212972
212973
212974
212971
212952
212976
212986
212994
213004
212959
212981
212982
212983
212984
212985
213002
213003
213018
213020
213021
213022
213023
213005
213009
213011
213012
213013
213014
213015
213016
213017
213027
213029
213030
213031
213032
213050
213051
213052
213053
212931
212932
213001
213019
213024
213025
213026
213033
213041
213071
213076
213077
213089
213090
213091
213074
213075
213008
213078
213080
213081
213082
213083
213084
213087
213088
213092
213098
213099
213100
213101
213102
213079
213085
213086
213096
213097
213103
213120
213122
213127
213132
213104
213136
212995
212996
213034
213038
213043
213044
213045
213047
213048
213060
213061
213062
213066
213067
213068
213069
213070
213093
213107
213111
213114
213118
213123
213125
213126
213128
213134
213135
213137
213138
213139
213140
213141
213142
213143
213144
213145
213146
213147
213149
213150
213155
213156
213157
213158
213161
213162
213163
213164
213165
213166
213167
213168
213169
213170
213171
213172
213173
213174
213175
213176
213177
213178
213212
213213
213035
213036
213037
213039
212970
212997
213121
213148
213151
213159
213181
213184
213189
213192
213197
213206
213210
213214
213217
213218
213219
213220
213226
213233
213234
213199
213200
213208
213201
213202
213203
213204
213205
213207
213227
213228
213229
213230
213231
213232
213235
213236
213237
213239
213240
213242
213243
213244
213245
213246
213247
213248
213249
213255
213238
213241
213254
213256
213250
213251
213252
213253
213260
213261
213262
213263
213270
213264
213266
213267
213268
213277
213288
213257
213265
213269
213273
213274
213275
213276
213278
213279
213280
213282
213283
213285
213286
213287
213289
213290
213291
213292
213293
213294
213296
213297
213300
213301
213302
213303
213304
213315
213316
213317
213320
213281
213284
213295
213308
213310
213323
213325
213327
213328
213329
213330
213331
213335
213336
213337
213338
213339
213344
213298
213299
213309
213318
213319
213321
213322
213324
213326
213332
213343
213345
213346
213347
213349
213354
213342
213348
213350
213351
213352
213353
213355
213356
213357
213359
213360
213361
213362
213363
213364
213371
213372
213376
213377
213378
213379
213381
213383
213386
213388
213391
213394
213395
213396
213368
213369
213370
213374
213375
213382
213389
213390
213397
213402
213403
213358
213365
213366
213367
213384
213392
213393
213398
213399
213400
213401
213408
213380
213409
213410
213412
213414
213415
213416
213417
213418
213419
213420
213421
213427
213442
213443
213449
213451
213452
213422
213423
213425
213444
213445
213446
213447
213453
213454
213455
213456
213464
213465
213469
213424
213431
213436
213440
213448
213458
213468
213459
213460
213462
213466
213472
213477
213479
213486
213488
213490
213494
213495
213496
213497
213506
213511
213450
213463
213467
213470
213471
213473
213474
213475
213476
213478
213480
213481
213482
213483
213484
213485
213487
213489
213491
213492
213493
213498
213499
213500
213504
213505
213512
213513
213515
213517
213518
213522
213523
213524
213525
213526
213527
213530
213531
213508
213509
213514
213516
213519
213521
213528
213529
213536
213532
213533
213534
213538
213539
213540
213520
213535
213542
213543
213546
213547
213551
213552
213562
213563
213566
213567
213568
213569
213571
213573
213575
213576
213585
213586
213587
213588
213590
213592
213593
213597
213598
213601
213607
213537
213541
213570
213572
213574
213577
213594
213595
213596
213602
213604
213605
213606
213609
213621
213626
213628
213629
213631
213608
213610
213611
213615
213616
213617
213619
213620
213630
213633
213634
213635
213636
213637
213638
213640
213642
213645
213612
213613
213622
213623
213624
213625
213632
213639
213641
213643
213646
213649
213650
213599
213600
213618
213627
213644
213648
213651
213652
213660
213661
213664
213665
213666
213653
213654
213655
213656
213657
213658
213659
213662
213663
213677
213679
213687
213710
213672
213674
213675
213676
213682
213683
213685
213699
213700
213706
213712
213680
213681
213686
213703
213704
213707
213708
213711
213713
213647
213667
213668
213669
213670
213671
213673
213678
213692
213702
213705
213714
213715
213716
213717
213722
213724
213736
213684
213723
213725
213726
213727
213728
213729
213730
213731
213733
213734
213735
213737
213738
213746
213747
213748
213749
213759
213764
213718
213719
213720
213721
213739
213743
213744
213763
213745
213754
213756
213761
213771
213772
213774
213781
213782
213784
213785
213786
213787
213788
213789
213790
213791
213740
213741
213742
213760
213762
213765
213766
213767
213778
213779
213780
213795
213773
213776
213777
213775
213783
213794
213796
213797
213799
213800
213801
213802
213803
213811
213812
213814
213816
213817
213819
213821
213822
213824
213825
213826
213846
213847
213848
213853
213856
213857
213792
213804
213815
213818
213820
213793
213798
213805
213806
213807
213808
213809
213810
213849
213850
213851
213852
213854
213855
213858
213862
213872
213886
213887
213888
213891
213900
213813
213823
213859
213860
213861
213863
213864
213865
213866
213867
213868
213869
213870
213871
213873
213876
213878
213880
213881
213882
213883
213884
213885
213889
213890
213892
213893
213895
213897
213898
213899
213902
213907
213910
213896
213906
213909
213916
213917
213918
213919
213920
213901
213903
213904
213905
213908
213911
213912
213913
213914
213915
213921
213923
213924
213927
213925
213926
213928
213931
213932
213935
213944
213946
213945
213953
213979
213894
213922
213929
213930
213933
213934
213936
213937
213938
213939
213940
213941
213942
213947
213950
213951
213952
213962
213963
213964
213965
213966
213967
213978
213992
213993
213994
213996
214005
213943
213948
213949
213957
213958
213959
213960
213961
213968
213970
213971
213972
213973
213974
213975
213976
213980
213997
213998
214002
214003
214004
213954
213955
213969
213981
213982
213988
213989
213990
213991
213995
213999
214000
214001
214006
214010
214011
214012
214013
214014
214016
214018
214020
214022
214023
214024
214031
214034
214035
214036
214045
213984
213985
214007
214017
214019
214021
214008
214009
214025
214026
214027
214028
214029
214032
214033
214038
213977
214039
214046
214049
214050
214051
214052
214053
214054
214055
214056
214057
214063
214068
214071
214090
213986
213987
214037
214040
214041
214042
214043
214044
214047
214058
214070
214072
214073
214074
214075
214076
214030
213040
213042
213063
213064
213106
213124
213179
213209
213211
213221
213222
213223
213224
213225
211465
201207
201209
201213
201221
201226
201453
201482
201487
201490
201492
201495
201207
201209
201213
201221
201226
201453
201482
201487
201490
201492
201495
201497
201499
201506
201510
201512
201514
201516
201527
201529
201530
201538
201540
201541
201576
201577
210002
210003
210004
210005
210006
210007
210008
201573
201575
210000
210001
210010
210013
210017
210020
210023
210027
210029
210032
210033
210035
210036
210037
210038
210039
210040
210041
210042
210043
210060
210061
210044
210046
210052
210054
210062
210066
210068
210081
210082
210083
210084
210085
210086
210087
210088
210089
210090
210091
210146
210147
210148
210074
210075
210076
210077
210078
210079
210080
210126
210128
210131
210134
210138
210140
210144
210149
210154
210155
210156
210157
210158
210163
210164
210165
210169
210153
210159
210166
210170
210171
210172
210173
210174
210176
210181
210185
210188
210190
210191
210192
210193
210194
210195
210196
210197
210198
210200
210202
210208
210214
210218
210220
210224
210229
210250
210251
210252
210253
210254
210231
210232
210233
210234
210225
210227
210228
210230
210237
210238
210240
210242
210248
210249
210255
210256
210260
210262
210266
210271
210272
210273
210275
210276
210274
210277
210281
210282
210283
210284
210285
210286
210287
210288
210289
210291
210294
210300
210279
210290
210292
210297
210301
210302
210303
210306
210311
210313
210314
210315
210316
210317
210318
210319
210320
210321
210322
210323
210324
210325
210327
210326
210331
210335
210337
210338
210339
210340
210341
210343
210344
210345
210346
210348
210352
210354
210358
210361
210362
210368
210372
210376
210377
210378
210395
210396
210400
210401
210402
210403
210404
210408
210411
210413
210414
210422
210424
210430
210431
210433
210552
210553
210554
210432
210441
210546
210547
210548
210549
210550
210551
210555
210556
210557
210435
210558
210561
210562
210563
210564
210565
210566
210567
210568
210569
210570
210571
210574
210579
210580
210583
210584
210587
210588
210590
210592
210593
210596
210597
210611
210618
210604
210610
210607
210573
210575
210576
210577
210578
210598
210599
210600
210601
210602
210608
210619
210437
210438
210443
210450
210452
210458
210461
210464
210470
210482
210486
210488
210490
210495
210505
210508
210515
210518
210524
210532
210542
210544
210638
210656
210657
210658
210659
210616
210617
210620
210622
210623
210624
210625
210626
210627
210628
210629
210630
210631
210633
210637
210639
210643
210646
210647
210648
210649
210655
210660
210661
210665
210730
210731
210732
210733
210445
210449
210456
210468
210473
210478
210479
210504
210512
210522
210527
210536
210539
210545
210621
210653
210662
210664
210726
210727
210728
210729
210734
210735
210736
210737
210738
210743
210813
210854
210498
210739
210740
210742
210745
210746
210747
210749
210750
210751
210752
210753
210754
210755
210756
210757
210758
210760
210761
210762
210763
210765
210766
210767
210768
210769
210770
210771
210772
210774
210775
210776
210777
210778
210780
210781
210782
210783
210785
210786
210787
210788
210789
210790
210791
210792
210793
210794
210795
210796
210797
210798
210799
210800
210801
210802
210803
210804
210805
210806
210807
210808
210809
210810
210811
210812
210814
210815
210816
210818
210819
210820
210821
210822
210823
210824
210825
210827
210828
210829
210830
210831
210832
210833
210834
210835
210836
210837
210838
210839
210840
210841
210842
210843
210844
210845
210846
210847
210848
210849
210850
210851
210852
210853
210855
210663
210741
210856
210860
210864
210865
210866
210867
210870
210871
210872
210873
210874
210875
210876
210878
210879
210880
210882
210883
210886
210892
210916
210921
211016
211022
211081
211082
210748
210764
210773
210859
210861
210863
210887
210893
210894
210895
210896
210897
210898
210899
210900
210901
210902
210904
210905
210907
210908
210909
210910
210911
210912
210913
210915
210917
210918
210919
210920
210922
210923
210924
210925
210926
210927
210928
210929
210930
210932
210933
210934
210935
210936
210937
210938
210939
210940
210941
210942
210943
210944
210946
210947
210949
210950
210983
210984
210986
210987
210988
210989
210990
210991
210992
210993
210994
210995
210998
210999
211000
211001
211002
211003
211004
211005
211007
211008
211009
211010
211011
211012
211013
211014
211015
211017
211018
211019
211020
211021
211023
211024
211025
211026
211027
211028
211061
211062
211063
211064
211065
211066
211067
211068
211069
211070
211071
211072
211073
210533
210744
210759
210779
210784
210817
210906
210914
210931
211006
210877
210890
211077
211078
211079
211080
211089
211098
211101
211104
211107
211108
211109
211111
211112
211115
211116
211120
211123
211128
211131
211136
210945
210948
210985
211093
211094
211096
211148
211156
211186
211190
210996
210997
211110
211133
211134
211135
211141
211150
211174
211175
211181
211197
211127
211147
211161
211162
211163
211164
211165
211166
211167
211168
211169
211185
210903
211137
211140
211144
211153
211154
211155
211192
211199
211200
211201
211202
211206
211211
211207
211209
211210
210826
211327
211328
211307
211319
211320
211292
211336
211340
211341
211350
211335
211342
211343
211308
211332
211333
211334
211345
211346
211347
211348
211349
211351
211352
211355
211361
211365
211375
211380
211376
211357
211359
211360
211381
211393
211394
211395
211397
211398
211402
211403
211404
211405
211406
211407
211408
211409
211413
211416
211417
211418
211419
211420
211422
211423
211426
211427
211428
211429
211438
211425
211483
211451
211452
211410
211411
211412
211445
211462
211466
211467
211469
211484
211496
211497
211499
211500
211501
211507
211508
211509
211510
211533
211524
211461
211512
211517
211521
211528
211529
211479
211480
211481
211513
211523
211525
211580
211581
211582
211583
211587
211589
211590
211598
211600
211601
211615
211522
211584
211588
211593
211595
211597
211599
211603
211604
211605
211608
211611
211622
211624
211625
211626
211627
211628
211641
211644
211647
211649
211650
212786
212786
212783
212827
212829
212848
212851
212899
212900
212905
212909
212910
212801
213548
213549
213550
213768
213769
213770
213956
214065
214066
214059
213827
213828
213829
213830
213831
213832
213833
213834
213835
213836
213837
213838
213839
213840
213841
213842
213843
213844
213845
213579
213580
213581
213582
213583
213584
213578
213603
100036
100036
100078
100196
100206
100315
100316
100391
100394
100397
100398
100400
100401
100402
100405
100409
100412
100414
100418
100420
100422
100427
100428
100431
100507
100508
100509
100514
101732
101740
101744
101749
101755
600115
600118
600119
600120
600315
600316
600382
600383
600450
600451
600455
600456
600482
600483
600484
600522
600525
600528
600531
600534
600537
600538
600541
600544
600547
600550
600553
600556
600557
600558
600561
600564
600565
600567
600568
600570
600576
600579
600587
600588
600589
600592
600595
600598
600599
600603
600605
600608
600614
600617
600620
600625
600626
600632
600635
600638
600640
600642
600645
600650
600654
600655
600660
600662
600663
600666
600669
600672
600676
600678
600682
600688
600689
600692
600695
600696
600697
600700
600704
600707
600710
600711
600712
600716
600719
600721
600724
600730
600734
600737
600740
600743
600745
600748
600749
600750
600753
600756
600759
600764
600767
600770
600773
600774
600777
600780
600781
600784
600785
600789
600793
600794
600797
600800
600801
600802
600803
600805
600807
600814
600817
600820
600823
600829
600832
600833
600836
600839
600842
600845
600848
600851
600854
600855
600856
600859
600862
600867
600869
600870
600871
600872
600875
600880
600885
600886
600888
600889
600890
600891
600894
600895
600898
600901
600902
600905
600908
600909
600912
600915
600920
600921
600922
600926
600927
600929
600931
600933
600937
600938
600940
600943
600947
600951
600953
600956
600958
600959
600964
600967
600968
600974
600979
600980
600983
600987
600992
600993
600996
601001
601004
601008
601010
601013
601015
601018
601023
601024
601032
601034
601037
601039
601043
601046
601047
601049
601054
601056
601065
601066
601069
601072
601073
601074
601077
601079
601082
601085
601086
601089
601090
601096
601098
601103
601104
601107
601110
601111
601112
601113
601118
601120
601122
601126
601127
601128
601132
601135
601139
601141
601144
601147
601152
601280
601283
601286
601289
601292
601296
601299
601302
601305
601307
601312
601313
601315
601318
601321
601326
601327
601330
601331
601333
601334
601337
601340
601343
601347
601350
601353
601354
601355
601358
601364
601368
601370
601373
601374
601375
601376
601377
601379
601381
601384
601387
601388
601390
601391
601392
601397
601398
601400
601403
601406
601409
601410
601412
601809
601811
601878
601881
601903
601920
602105
602107
602114
602117
602119
602124
602127
602130
602134
602137
602140
602143
602147
602150
602153
602154
602157
602160
602163
602167
602169
602172
602175
602178
602181
602184
602185
602187
602192
602193
602199
602202
602204
602209
602211
602214
602217
602220
602223
602226
602229
602231
602233
602237
602240
602242
602246
602250
602252
602257
602258
602259
602264
602270
602274
602277
602280
602282
602285
602289
602292
602296
602299
602301
602307
602310
602313
602317
602320
602324
602327
602332
602336
602383
602388
602391
602395
602401
602402
602405
602410
602411
602415
602418
602422
602425
602429
602433
602436
602439
602443
602445
602448
602450
602451
602453
602456
602459
602461
602468
602469
602471
602472
602473
602476
602479
602483
602487
602488
602491
602528
602531
602532
602534
602537
602540
602544
602545
602547
602550
602553
602561
602563
602567
602585
602591
602595
602598
602601
602604
602605
602608
602611
602619
602622
602642
602647
602653
602655
602658
602659
602662
602664
602666
602670
602673
602679
602689
602692
602695
602709
602712
602713
602715
602718
602721
602724
602731
602737
602740
602748
602752
602756
602758
602761
602764
602767
602771
602776
602780
602783
602787
602791
602828
602832
602836
602839
602842
602851
602856
602860
602861
602865
602869
602872
602874
602878
602882
602885
602889
602892
602902
602923
602951
602993
602998
603002
603005
603013
603017
603021
603026
603029
603036
603039
603042
603048
603075
603078
603088
603096
603099
603101
603120
603123
603125
603128
603130
603140
603143
603144
603148
603155
603169
603172
603177
603194
603198
603201
603209
603212
603217
603220
603223
603225
603232
603237
603245
603248
603250
603254
603255
603261
603264
603265
603269
603272
603274
603277
603280
603285
603290
603293
603299
603302
603304
603307
603311
603316
603319
603322
603329
603333
603334
603338
603341
603346
603349
603353
603354
603357
603360
603363
603366
603369
603374
603378
603381
603385
603389
603392
603394
603396
603399
603401
603406
603408
603412
603417
603423
603425
603450
603462
603465
603471
603474
603475
2065276107
2085541671
2220400217
2226078958
2290602344
2334743465
2740472727
2807553254
2811293359
2828903978
2914885228
2998885466
602571
602573
602576
602580
602582
602588
602626
602638
602734
602801
602804
602845
602848
602897
602907
602912
602916
602920
602926
602932
602941
602945
602948
602955
602959
602965
602968
602971
602976
602981
602985
602991
602994
603024
603033
603056
603064
603067
603069
603072
603083
603085
603090
603093
603104
603106
603112
603117
603145
603151
603161
603163
603175
603180
603183
603189
603191
603204
603207
603228
603234
600239
600457
700032
700033
700034
700035
603235
603236
603335
603336
700036
700037
700038
700039
700040
700041
